0.020000
0,9.280000,3.500000,-4.000000,0.000000,0.320000
1,4.195277,4.407772,-4.000000,0.000000,0.320000
0.040000
0,9.200000,3.500000,-4.000000,0.000000,0.320000
1,4.270080,4.394338,-4.000000,0.000000,0.320000
0.060000
0,9.120000,3.500000,-4.000000,0.000000,0.320000
1,4.344845,4.380691,-4.000000,0.000000,0.320000
0.080000
0,9.040000,3.500000,-4.000000,0.000000,0.320000
1,4.419568,4.366821,-4.000000,0.000000,0.320000
0.100000
0,8.960000,3.500000,-4.000000,0.000000,0.320000
1,4.494248,4.352718,-4.000000,0.000000,0.320000
0.120000
0,8.880000,3.500000,-4.000000,0.000000,0.320000
1,4.568882,4.338370,-4.000000,0.000000,0.320000
0.140000
0,8.800000,3.500000,-4.000000,0.000000,0.320000
1,4.643465,4.323763,-4.000000,0.000000,0.320000
0.160000
0,8.720000,3.500000,-4.000000,0.000000,0.320000
1,4.717994,4.308884,-4.000000,0.000000,0.320000
0.180000
0,8.640000,3.500000,-4.000000,0.000000,0.320000
1,4.792465,4.293716,-4.000000,0.000000,0.320000
0.200000
0,8.560000,3.500000,-4.000000,0.000000,0.320000
1,4.866873,4.278244,-4.000000,0.000000,0.320000
0.220000
0,8.480000,3.500000,-4.000000,0.000000,0.320000
1,4.941214,4.262449,-4.000000,0.000000,0.320000
0.240000
0,8.400000,3.500000,-4.000000,0.000000,0.320000
1,5.015480,4.246309,-4.000000,0.000000,0.320000
0.260000
0,8.320000,3.500000,-4.000000,0.000000,0.320000
1,5.089666,4.229802,-4.000000,0.000000,0.320000
0.280000
0,8.240000,3.500000,-4.000000,0.000000,0.320000
1,5.163763,4.212902,-4.000000,0.000000,0.320000
0.300000
0,8.160000,3.500000,-4.000000,0.000000,0.320000
1,5.237763,4.195582,-4.000000,0.000000,0.320000
0.320000
0,8.080000,3.500000,-4.000000,0.000000,0.320000
1,5.311655,4.177807,-4.000000,0.000000,0.320000
0.340000
0,8.000000,3.500000,-4.000000,0.000000,0.320000
1,5.385428,4.159543,-4.000000,0.000000,0.320000
0.360000
0,7.920000,3.500000,-4.000000,0.000000,0.320000
1,5.459066,4.140748,-4.000000,0.000000,0.320000
0.380000
0,7.840000,3.500000,-4.000000,0.000000,0.320000
1,5.532555,4.121373,-4.000000,0.000000,0.320000
0.400000
0,7.760000,3.500000,-4.000000,0.000000,0.320000
1,5.605873,4.101363,-4.000000,0.000000,0.320000
0.420000
0,7.680000,3.500000,-4.000000,0.000000,0.320000
1,5.678997,4.080654,-4.000000,0.000000,0.320000
0.440000
0,7.600000,3.500000,-4.000000,0.000000,0.320000
1,5.751897,4.059170,-4.000000,0.000000,0.320000
0.460000
0,7.520000,3.500000,-4.000000,0.000000,0.320000
1,5.824536,4.036819,-4.000000,0.000000,0.320000
0.480000
0,7.440000,3.500000,-4.000000,0.000000,0.320000
1,5.896867,4.013493,-4.000000,0.000000,0.320000
0.500000
0,7.360000,3.500000,-4.000000,0.000000,0.320000
1,5.968830,3.989056,-4.000000,0.000000,0.320000
0.520000
0,7.280000,3.500000,-4.000000,0.000000,0.320000
1,6.040346,3.963341,-4.000000,0.000000,0.320000
0.540000
0,7.200000,3.500000,-4.000000,0.000000,0.320000
1,6.111307,3.936134,-4.000000,0.000000,0.320000
0.560000
0,7.120000,3.500000,-4.000000,0.000000,0.320000
1,6.181563,3.907155,-4.000000,0.000000,0.320000
0.580000
0,7.040000,3.500000,-4.000000,0.000000,0.320000
1,6.250893,3.876028,-4.000000,0.000000,0.320000
0.600000
0,6.960000,3.500000,-4.000000,0.000000,0.320000
1,6.318957,3.842231,-4.000000,0.000000,0.320000
